0.008552120012777262
0.014174936300100463
0.01463175798220322
0.021876120355857568
0.03519715654813254
0.0357750280966291
0.03737023640021449
0.038823556228271106
0.04113678362394042
0.045007587819856726
0.04742433072319628
0.05783629059791405
0.06601232068706017
0.06939720472183152
0.07004650802285656
0.07031656678803276
0.07369431641208916
0.07885615404912137
0.07974059455832132
0.08170654774069702
0.08340179759357035
0.08437319265601999
0.08630379050757817
0.08701128038141179
0.08731412317444157
0.09220892974070506
0.09339381844790189
0.09871054433314974
0.10197558114544246
0.10482368516621347
0.1073158933733737
0.11406717445265338
0.11769902095441853
0.12079451650848613
0.1231497200407353
0.12740989628055566
0.1354506360841314
0.13655110185763542
0.1371835968877263
0.13743684890130825
0.14095275238196064
0.1450019185022119
0.14627114863273066
0.1499656884678053
0.15117337796722394
0.1566650096609709
0.15839481047754267
0.16135792440631033
0.16282871826499612
0.1632917327626741
0.1634070893125973
0.16383036628846634
0.16761374830138442
0.1694679014397994
0.16992050672209738
0.17071015851150906
0.17947781353151013
0.18179985424914732
0.18241383037417472
0.18688571833679146
0.19407031596689298
0.19458901534871023
0.1994505146969207
0.20201801400806899
0.2062219528924678
0.2064535676335841
0.2104927096847936
0.21055789367069386
0.21321644320763897
0.21921353971573632
0.22072309723186956
0.22658328013744877
0.22661384394111855
0.22725685702077958
0.22805028299540384
0.2303262751840957
0.2371799327445126
0.23808946613884105
0.23890815562601023
0.23919970843404084
0.24163599837830474
0.24180920780580914
0.2426725397262809
0.24341909896537822
0.24350461622153127
0.24567126328579478
0.24745276850679845
0.24784670682209847
0.24888482465303538
0.24902450596038064
0.2517786401545271
0.2522203013320504
0.2546636888356917
0.25689203658635373
0.25767448893803535
0.2583474548670162
0.2623674353833658
0.2657184461912423
0.2668073215940841
0.2668588405132282
0.2696060932923015
0.2713083780384111
0.2716875282224747
0.2730470743079233
0.27399825426917607
0.27479593100246824
0.2756653007757602
0.2776127090617122
0.2799302722493263
0.2817649231884354
0.28405798177656116
0.2851468409535795
0.2865816921063588
0.28925727520049915
0.2926216958643155
0.2936842956840001
0.294919901929879
0.2949868645704325
0.29554548796750707
0.29605783394442486
0.3051107919568121
0.305174233710904
0.3068093784350138
0.3090257627341499
0.31013238015201733
0.3122618759894069
0.3126841566035387
0.31286473430075484
0.31296508520501504
0.3141231092057872
0.315035402238192
0.31654952040930395
0.3175243973482905
0.31812560158312275
0.31841541034612786
0.32158458553610075
0.3220369436595503
0.32237510389706847
0.32304898556161227
0.3277078497483496
0.32821127379527293
0.33016929877862444
0.330451661322547
0.3307331563365992
0.3316264872968649
0.33401042154426663
0.3358258574991928
0.33889707061346236
0.33889707061346236
0.3401016378644163
0.3408595090887405
0.34207363070397967
0.34430396692813875
0.3478712353477553
0.3480207490020628
0.3505680418554338
0.35144913477556783
0.35356309610168357
0.3537450634091549
0.3537450634091549
0.3555011792316553
0.3570979304560737
0.35870110714403725
0.35948313987328584
0.3603593150879051
0.36089485335510124
0.3623649571022246
0.36295876424662454
0.3645999504120505
0.3652919213503382
0.3656703495665243
0.367217531295747
0.36839859094837113
0.369046428835898
0.3694996071092089
0.37065331131172885
0.3712204890021328
0.3720432360387315
0.37271827929470075
0.37356603224996193
0.3739989834310194
0.3741090062774275
0.37418887983500915
0.3755051744926445
0.37611922628655603
0.3788292983285702
0.37902344772955143
0.3794518563233343
0.38001194638491137
0.3809377775647762
0.38095429211189796
0.3811854476390166
0.38123470631496403
0.38163424057300493
0.38164243705819195
0.38185222717367345
0.38240138939782875
0.3833690439302989
0.3833842632398058
0.3834827611608026
0.38497932908345484
0.3850643707278737
0.3861884349030522
0.38719548675755106
0.3873791866161383
0.3876232644276285
0.38774700791960465
0.3880526725438216
0.38814328945767845
0.38840021476857634
0.3891967658931639
0.3895188544113036
0.3901036989878001
0.39091404022282916
0.3910307298984365
0.3913353529147571
0.39141944463463124
0.3922497206683381
0.3923255667727935
0.39304371438540986
0.3930701974287275
0.3930814742767177
0.3935938678910031
0.3937768363680387
0.39413568877557015
0.3944094851221118
0.3944608021656448
0.39480766479171586
0.3951241209414777
0.39516205938208493
0.39528030490246613
0.39531958855542026
0.3954459461885021
0.395514823779709
0.3956904538373708
0.3956952158389576
0.39574017110778187
0.3959099590434717
0.3961088109999353
0.3961963564429615
0.39620373852955837
0.39620792487351714
0.39620927983988213
0.396252698326366
0.3962536652530029
0.3962528806874613
0.3962222537615134
0.3962133914009053
0.39610398979775224
0.3960747069948342
0.39601872423629797
0.39596434046709483
0.3959314123043648
0.39591798992774846
0.39567892553055567
0.3956040199946016
0.3955884798015628
0.39554436944201177
0.39535566739851613
0.39534960610293673
0.39531278127406144
0.3951084781593528
0.3951038978565918
0.3947952252782774
0.39468504857086134
0.394682411393052
0.3945458191767002
0.3944410920203593
0.39436856383420055
0.39430948948471783
0.3941855149775584
0.39412052166878575
0.39399716814737873
0.39329475195355174
0.3928840635698618
0.39274915154321
0.39250457746130674
0.39231567370189824
0.3921177502685294
0.39204329997536047
0.39159671757033004
0.3915083676055394
0.39079655982174927
0.39073118060666473
0.3907210658676104
0.39042951790587854
0.39017273386586937
0.38989948490688325
0.38946981143694864
0.38938547777120275
0.38930637440718463
0.3890662546023813
0.389025793307375
0.38894462362003085
0.3889212552483315
0.3886507721504143
0.3883085888439291
0.38756303062608194
0.3874418684661365
0.3872423466412369
0.3865091293111408
0.383973785582426
0.383522002183157
0.38165501753734243
0.38083893203672786
0.37936192507660554
0.37676973035202427
0.3762261425932655
0.3731383409121732
0.3721903583566492
0.3710461886215779
0.3689503129116621
0.36882364894646064
0.3680449153021696
0.3668494375198897
0.3667056376704086
0.3660053716384834
0.3653454084597448
0.3652471319178187
0.36495082388103
0.3641787453018032
0.36386443506821436
0.3637888907761952
0.363434724150251
0.36243685585164465
0.3608306501245679
0.36032652817816124
0.3574424761407025
0.35670269154815015
0.35660433468920594
0.35620989212007154
0.35524329129579557
0.3545243151276978
0.35423491083139375
0.3540752381813774
0.3533015724931696
0.35280113239188665
0.351954801425654
0.35144595107714854
0.35079763050108864
0.34997645920587056
0.3487291699123337
0.3483406977735227
0.34508842294053815
0.3446673861525978
0.34360671414045696
0.3431954460480521
0.3421013366197165
0.3419680260881758
0.34180090102266997
0.34002933811918334
0.3392259816982315
0.33813922660869855
0.33786128054558134
0.33746067545287617
0.3339652853294626
0.3337667007699172
0.33273231781287865
0.331669773174111
0.3315776424847148
0.32676341473173165
0.3234962241999267
0.3229628906614868
0.32264598133112743
0.3194118015185917
0.31696904461909187
0.3166578728221108
0.3157830702104054
0.3155739203243242
0.31357134906461737
0.3129541317138683
0.31256984551318867
0.3107839355267046
0.3096755895773403
0.3096536871927918
0.30945698226615215
0.30825036606717526
0.3039141447255173
0.30109983122426853
0.29980149173097953
0.2995919355331233
0.294789364644661
0.29418807784122103
0.2938505034646988
0.2920300836426635
0.2911242923931719
0.2898682745812732
0.2894723182837592
0.2894476726530724
0.28659911319319015
0.28627164388865817
0.2857660992735559
0.28520831399217206
0.28462353071809826
0.28439442186686165
0.28424093916326876
0.28372989375279556
0.2827287941055511
0.2822903057079109
0.2789573213520406
0.27740024688085324
0.27620372793909087
0.27424672300110786
0.27381477006556776
0.273571295466276
0.27139571020791664
0.266043654479732
0.26178216985240477
0.260312583864969
0.2601101426704594
0.26008129633224
0.2570182272224311
0.2540293772879792
0.25307319420403945
0.24917532180002516
0.24619693613061353
0.24551573381291067
0.24529850499368983
0.24389709106685478
0.24355341880476114
0.2368189064527513
0.2365930247243259
0.23209394927516414
0.22827604126441434
0.2263268491287261
0.2212430558414312
0.21498854841431278
0.20961909269109347
0.2088574893441785
0.2078390914190218
0.20615640381698822
0.20457275487417023
0.2037218149854352
0.19911986361074058
0.19862855378683816
0.19832557218013003
0.1978327185538127
0.19619532624367425
0.19546833195867072
0.19284907000866366
0.19211287633911167
0.19090590318367706
0.1898894660102127
0.18819945608844307
0.18370400537432988
0.18346291173909793
0.17978112584020375
0.17740672420225415
0.17509285068858166
0.17359374090604235
0.17279974412328214
0.17259051344947535
0.16810900467168588
0.16635478576337936
0.15686748812491533
0.15341566334995477
0.15269271783705138
0.1526021098256964
0.15142278076513982
0.14858784984954349
0.14808147142196007
0.14674239394278957
0.13826935971523863
0.1329026290598407
0.1301508903662785
0.12696988191989042
0.12496201781659898
0.12455786401173892
0.1233431195062938
0.12069066423397677
0.11780279071604101
0.11707555424823131
0.11618959189837673
0.11277211070119927
0.11197668867813247
0.11160490520791594
0.10698648805147834
0.09949963466536668
0.09910767820054527
0.08856436156548396
0.08626492287441778
0.08238073582462067
0.08123261024733472
0.08099009158921576
0.07676305306235225
0.07439817491256015
0.07219690999208399
0.06830186628101148
0.06544476589594922
0.06294376074737489
0.05784054154084028
0.0550289059980821
0.04218185093562902
0.04120752622122019
0.03140442646628183
0.030594982877070947
0.02846411289382267
0.022869702008844094
0.016758429595402035
0.009094830016430275
