0.005399628955708685
0.009011528367725632
0.009305963903213567
0.013989844597136326
0.022654873234973068
0.023031928975179684
0.024073213811235415
0.025022407504174095
0.026534215927312133
0.029066537644080504
0.030649118470490448
0.037479223772770257
0.04285454063740319
0.045082650536633746
0.04551022776257021
0.0456880819515247
0.04791336069569505
0.05131666893653569
0.051900109260493314
0.05319730698995831
0.05431622775165417
0.05495752045174125
0.05623235408611703
0.056699629260566584
0.05689966338918011
0.06013407552761976
0.060917387852652105
0.06443383835455253
0.0665946015476564
0.0684802138506353
0.07013077513698968
0.07460466090374472
0.07701289009423111
0.0790662720708777
0.0806290658354543
0.08345693156272321
0.08879777603750012
0.08952907246228843
0.08994942297737017
0.09011773939391646
0.09245491285820034
0.09514755142902388
0.0959917837209233
0.09844978273998845
0.09925344543098859
0.10290896995567309
0.10406078237574264
0.10603421073035411
0.10701394048749047
0.10732239012103381
0.10739923986142672
0.1076812303948463
0.11020218755358933
0.1114379377169483
0.11173961668957376
0.11226597640305147
0.11811244274947108
0.11966149016505302
0.12007112251893312
0.12305523729478722
0.12785158401981708
0.12819795583354546
0.13144492507457287
0.13316018051932885
0.13596932244825724
0.1361241140781563
0.13882391150544818
0.13886748686372422
0.1406448775150941
0.1446553778435077
0.14566511677797153
0.14958586240297408
0.149606314715001
0.15003660703403882
0.1505675756844896
0.1520908318074724
0.1566790173466433
0.157288041879535
0.1578362643224675
0.1580315042204771
0.15966310508015868
0.1597791132300028
0.16035735229902476
0.16085740240092947
0.16091468373404866
0.16236604254336798
0.16355953931657916
0.16382346910397047
0.16451901196865318
0.16461260198976438
0.1664580872528456
0.16675406042300145
0.16839159013703883
0.16988518925591584
0.17040968707980747
0.17086081069911083
0.1735559418403363
0.17580300303140328
0.17653324499926087
0.17656779658586289
0.17841039532943212
0.17955225623474566
0.17980659641904015
0.1807186419890512
0.1813567736964159
0.18189194575025047
0.1824752417109259
0.18378192883242236
0.18533714790273778
0.18656842926909442
0.1881075131512742
0.1888384066462776
0.1898016042263198
0.1915978646891547
0.1938568990355774
0.19457045348252036
0.1954002289694408
0.1954451993071888
0.19582036141311132
0.19616445286658346
0.20224574213355187
0.20228836763829167
0.2033870369001238
0.2048763737166252
0.20562003844809748
0.2070511954818229
0.20733501080396635
0.20745637889026644
0.20752382615444512
0.2083021717646862
0.20891538110965335
0.20993316818178315
0.21058851351475233
0.21099267704532876
0.21118750662179864
0.21331820332996027
0.213622355670711
0.21384972850006553
0.21430284402493463
0.21743579752390832
0.21777437231263896
0.21909129725721432
0.21928121693834146
0.21947055530967263
0.22007143954385136
0.22167506102174475
0.22289637044646202
0.22496269096541413
0.22496269096541413
0.22577319680620792
0.22628315852742942
0.22710015737702602
0.22860108353603995
0.2310019858355544
0.23110262134287082
0.23281725803869607
0.23341037985898858
0.23483350925266372
0.23495601598319374
0.23495601598319374
0.23613833835460654
0.23721343595277905
0.23829292567145313
0.23881952672184567
0.23940953946137064
0.23977017831830055
0.2407602038766014
0.24116011242690735
0.24226544076055576
0.2427314990559014
0.24298638422250265
0.244028504697058
0.24482406004944243
0.24526045487592715
0.24556572981314345
0.24634292372769384
0.24672501558935495
0.24727929154502018
0.24773407349250423
0.24830522720177692
0.24859692473428663
0.2486710525145948
0.24872486742829772
0.2496117451699061
0.25002548834781624
0.2518516228134286
0.2519824538201523
0.25227114775276877
0.25264858525399125
0.25327250759818953
0.25328363702307866
0.25343941722336966
0.25347261376825675
0.25374187117139596
0.25374739505408095
0.2538887801068563
0.2542588851516016
0.2549110485261237
0.2549213059571107
0.2549876912071167
0.25599637082100946
0.25605369008683393
0.2568113413465492
0.2574901484677615
0.2576139746476673
0.2577785009046587
0.25786191358744415
0.2580679567342803
0.2581290404266868
0.2583022315189873
0.25883918953403595
0.25905631482673797
0.2594505746485359
0.2599968612676889
0.26007552817383867
0.26028089275143645
0.2603375843879199
0.2608973357530862
0.26094847010687616
0.26143264157374146
0.26145049653717745
0.2614580994337846
0.26180356041573793
0.26192692110611937
0.26216886822164065
0.262353470466639
0.26238807025118865
0.26262193903505776
0.2628353089851375
0.262860889061908
0.2629406165777653
0.2629671038100036
0.2630523014243928
0.26309874283067386
0.2632171636557128
0.2632203745064873
0.26325068629461135
0.26336516886965
0.26349924923393253
0.2635582789907415
0.263563256559774
0.26356607931454723
0.263566992937072
0.26359626904197697
0.2635969210191212
0.2635963920038309
0.2635757409538248
0.2635697652667286
0.26349599841767524
0.2634762537805885
0.26343850610891867
0.2634018366624201
0.2633796341614406
0.26337058385107487
0.26320939051998643
0.26315888443128055
0.2631484062585156
0.2631186643182095
0.26299143020624144
0.2629873433348932
0.2629625139523064
0.2628247618081592
0.26282167353289193
0.26261355175719686
0.2625392659020639
0.2625374878072904
0.26244539188493016
0.26237478095140676
0.26232587990752604
0.26228605000210503
0.26220246250033596
0.2621586421157139
0.2620754738439047
0.2616018926561556
0.2613250047531592
0.2612340473347451
0.2610691570625985
0.26094180032089603
0.26080836351426606
0.26075817055711314
0.2604570960046312
0.2603975332485199
0.2599176615988591
0.2598735862064819
0.2598667673649616
0.25967022162248726
0.2594971134756116
0.25931290738721524
0.25902325395846465
0.2589664030756552
0.25891307818824844
0.25875121035564774
0.2587239350128631
0.25866921787308084
0.25865346509438175
0.25847113153164153
0.25824046709305326
0.2577378987778237
0.25765622663633425
0.25752173511756915
0.2570275039977322
0.2553186333989506
0.2550141387637246
0.25375587343573797
0.2532058940852103
0.2522105449221424
0.2504638027776995
0.2500975286123379
0.248017077938388
0.2473784080217104
0.24660759338690524
0.2451957088342561
0.24511038527435622
0.24458582238197832
0.2437805658160064
0.2436837067190011
0.24321203673715824
0.24276752431921522
0.2427013319498154
0.24250176055258651
0.24198175532070118
0.24177006747802024
0.24171918879224025
0.24148066133916357
0.24080862468697772
0.23972694255858654
0.2393874605066858
0.23744542819922201
0.23694731421749832
0.2368810893405724
0.23661550882981272
0.2359647077215
0.23548064504731753
0.2352858025575125
0.23517830329550046
0.23465744391515053
0.2343205380282222
0.233750786576502
0.23340823662737734
0.23297180732452247
0.23241903604183373
0.23157945730703536
0.23131797623396755
0.22912902220219836
0.22884566251270974
0.2281318462826218
0.22785507713818334
0.22711880148309024
0.22702909299345567
0.22691663040417995
0.22572454801170452
0.22518399834725625
0.22445278764157886
0.22426577995177036
0.22399624848981736
0.22164469736427272
0.2215111080686057
0.2208152885454244
0.22010055558737496
0.22003858427907172
0.21680064254716327
0.21460357268199276
0.21424495337186703
0.21403186388601908
0.21185736831996546
0.21021518317148677
0.2100060049458376
0.2094179536103457
0.20927736418273862
0.20793131089370273
0.20751646409678945
0.20725818161682757
0.20605791101203888
0.20531306339095023
0.2052983445802254
0.20516615583780237
0.20435531620896288
0.20144175648598778
0.19955108739865887
0.19867893774973464
0.19853817478562982
0.19531256393264465
0.19490876429097653
0.1946820680595681
0.1934596362627581
0.1928514261498018
0.19200809264255353
0.19174224428403303
0.19172569716573593
0.1898132991372616
0.18959346712555816
0.18925409886500924
0.1888796713253109
0.18848713140075793
0.18833334344964708
0.1882303200427116
0.187887292457617
0.1872153515227271
0.18692104705392992
0.1846842200430801
0.18363936317923388
0.18283650716523503
0.18152347238960717
0.18123367462214762
0.18107032994921632
0.1796108396116246
0.17602109598005333
0.1731635247780296
0.17217822893222037
0.17204250651524025
0.17202316721493255
0.16996977654588388
0.16796646127073267
0.16732563476741066
0.16471365318034972
0.1627181981159661
0.1622618530774513
0.16211633268817105
0.16117757544909955
0.16094737284490007
0.1564372825109129
0.1562860399251661
0.15327402667177253
0.15071865993848418
0.1494142684672587
0.14601293743125712
0.14182979778050311
0.13823991807118965
0.1377308303267001
0.13705012977608064
0.1359255153895675
0.13486720702417487
0.13429859366372895
0.13122405049712801
0.13089586535038028
0.1306934851967718
0.1303642867722359
0.1292706813675485
0.1287851656086779
0.1270361225490141
0.12654457856975387
0.12573875866519105
0.12506020140037433
0.12393208726954198
0.12093196201123513
0.12077109156825007
0.11831476876257621
0.11673103653201554
0.11518795427085333
0.11418837180392423
0.11365899496003903
0.11351950131926702
0.11053224628827865
0.10936322404484194
0.10304378415883583
0.10074581606785063
0.10026462134894065
0.10020431456665671
0.09941942256863022
0.0975330010954508
0.09719609775252967
0.09630525936406475
0.09067107260610512
0.08710485135674789
0.08527706153129806
0.0831647936898989
0.08183189223202658
0.0815636336740273
0.08075741406765838
0.0789973704108886
0.07708171342184042
0.0765994047568238
0.07601188302733462
0.07374617201846284
0.07321895865948053
0.07297255446349925
0.06991258349199726
0.0649559611279614
0.06469660553396837
0.057725572122598934
0.05620668469170552
0.05364225582247108
0.052884548838439564
0.052724516910236816
0.04993626618254779
0.04837724324427197
0.046926686452207975
0.044361475262482436
0.04248109610838147
0.04083599392775417
0.0374820159553557
0.035635829881399156
0.027217602696138835
0.026580468271970848
0.02018231037816918
0.01965512704268762
0.018268231650693526
0.014634088524177528
0.010678258879926574
0.005747095996777104
