-2.7887254336114076
-2.5985639164759267
-2.586160510478463
-2.4233838379635673
-2.215536650741057
-2.2080729729049953
-2.1879534953594106
-2.1702047265139965
-2.14300016368266
-2.1000299343306033
-2.0746281920347123
-1.9752657340345487
-1.9061996767051064
-1.8794187768713924
-1.874388907154626
-1.8723066494494014
-1.8467291322768455
-1.8091853928421973
-1.8029250983280338
-1.789178591414893
-1.7775053283818105
-1.7708889765409932
-1.7578906395818252
-1.7531762643177247
-1.7511661191960513
-1.719301264712352
-1.7117564604675726
-1.6786476604487275
-1.658879731995733
-1.6419602608344899
-1.6273889631497607
-1.5889302927096407
-1.5688063075907326
-1.5519409207019679
-1.5392761065065386
-1.516713806355752
-1.4752444251457049
-1.4696737100611938
-1.4664827175020185
-1.4652072215965688
-1.4476252138026535
-1.4276544683367545
-1.4214527656683933
-1.4035507571699695
-1.3977456747022505
-1.3716228039278853
-1.3634830693821425
-1.3496328995151468
-1.3428002099236758
-1.3406548534600662
-1.340120767470085
-1.338162453494969
-1.3207539674517974
-1.3122829639289775
-1.3102209876607471
-1.3066288679883464
-1.2671763925992179
-1.2568507373943956
-1.2541284782801547
-1.234396606449306
-1.2030185143823549
-1.2007672418389692
-1.1797508609382454
-1.1687085841675318
-1.150705167162656
-1.1497158691262306
-1.1325034393967186
-1.1322262560136012
-1.1209360917826714
-1.0955636454096815
-1.0891951816898209
-1.0645280886101538
-1.0643996379674625
-1.0616976602902157
-1.0583646956898594
-1.0488097463234067
-1.0200750394271596
-1.016264327556703
-1.0128344613624776
-1.0116130503902467
-1.0014068320029497
-1.0006811972726328
-0.9970642879291735
-0.9939363941283833
-0.993578083675808
-0.9844986284535345
-0.9770304443656304
-0.9753786096965322
-0.9710247980109281
-0.9704388815351307
-0.9588805477462495
-0.9570258960642474
-0.9467588327052271
-0.9373841657887634
-0.9340895109364741
-0.931254575703953
-0.9142922872213194
-0.9001108496987283
-0.8954933753677562
-0.8952747831697
-0.8836015201366176
-0.8763508010230681
-0.8747338957524147
-0.8689299405083969
-0.8648634532547776
-0.8614493615849632
-0.8577242836965476
-0.8493637031660867
-0.8393828376760907
-0.8314560605313788
-0.8215146320131511
-0.816779973990575
-0.8105264401756564
-0.7988193736463495
-0.784006949200649
-0.7793060940135567
-0.7738255198236698
-0.7735280543428176
-0.7710446688636269
-0.7687641010580812
-0.7279640171799515
-0.7276744389613048
-0.72019160691195
-0.7099876423113148
-0.7048653779132624
-0.6949543718808964
-0.692980283381369
-0.6921352111727863
-0.6916653511648915
-0.6862309733245364
-0.6819334996980724
-0.6747684145665639
-0.6701329125852594
-0.667265301080215
-0.6658805094061075
-0.650628646777633
-0.6484348395170888
-0.6467920193338976
-0.6435108858800983
-0.6205452048294243
-0.6180325234273325
-0.6081981368911007
-0.6067716551193036
-0.6053474271341686
-0.6008133329985755
-0.5886037308495907
-0.5791930073109812
-0.5630341009392402
-0.5630341009392402
-0.556609298499499
-0.5525405581199584
-0.5459782912123599
-0.5337754491018794
-0.5138272388596364
-0.5129787863014315
-0.49835903848050844
-0.49322663369432934
-0.48074322719036827
-0.47965702822081435
-0.47965702822081435
-0.469074471069869
-0.45928740876761104
-0.44929189531616454
-0.4443510399310616
-0.43876229587473686
-0.4353177817190608
-0.4257459312652367
-0.42182930331500396
-0.4108444924878725
-0.4061391303881973
-0.4035464491403491
-0.3927971315986454
-0.3844207758830327
-0.3797593583284497
-0.3764692103887436
-0.3679790519918902
-0.3637424239978899
-0.3575193120080923
-0.3523418367746012
-0.3457435132448566
-0.34233054879874353
-0.3414584344539219
-0.34082406652044905
-0.3302144672332646
-0.325159809166921
-0.3019484937819518
-0.30022341996634205
-0.29638453873594495
-0.29129607783411726
-0.2827011305811891
-0.28254563714151815
-0.28036084370614023
-0.27989323748490724
-0.2760735111285436
-0.27599463784574746
-0.27396871819966306
-0.2685985663413943
-0.2588847431856482
-0.25872925040671785
-0.25772079749625865
-0.2419156946645101
-0.24098836882350894
-0.2283979203375521
-0.21653085345599088
-0.2142987364473798
-0.21129816672632026
-0.20976126262290498
-0.20591787381918406
-0.20476519574162258
-0.20146265362712776
-0.19087558956359935
-0.18643051042041064
-0.17808570441436075
-0.16585356638097937
-0.16401919679671192
-0.1591335529077885
-0.1577589016218077
-0.1434985908164206
-0.14212619397784249
-0.12842137716239146
-0.12788841773537077
-0.12766081171214858
-0.11685966302388794
-0.11275599258516199
-0.10424555275131446
-0.09725849628313302
-0.09589285948305919
-0.08610129026821822
-0.0760854947190368
-0.07479535151287721
-0.07062407474244257
-0.06918294500919499
-0.06432997739279518
-0.06152433808317504
-0.05371361806710648
-0.05348601138314348
-0.05128769721001649
-0.04196148109048738
-0.027252718277160023
-0.01716593736812897
-0.01602790659127718
-0.015345088521610586
-0.015117481837647592
-0.0025247802257698
0.0011946641871024685
0.0023326943032134636
0.012733842441209035
0.014404831984340718
0.02770176098732158
0.0302865549729643
0.03469670471770842
0.03850065588892016
0.04063136505182006
0.04146854933745637
0.0542606882733567
0.057689427904621594
0.058375626323910725
0.06028098258950938
0.06783254753353356
0.06806128011971653
0.06943480418199577
0.0766111569253323
0.07676439657834153
0.08647145903484271
0.0896838595939727
0.08975935318788694
0.09358696680645612
0.09641964825231544
0.09833401834308013
0.09986641619465318
0.10300895795689372
0.10461910186756149
0.10760953053975356
0.12327829480586476
0.13158929797643054
0.13420902202125878
0.13883438361443654
0.1423059399063514
0.14585636948106256
0.14717017513457945
0.15482202202209527
0.15629244767824363
0.16768064006600303
0.16868909231572143
0.1688445857553927
0.17326825689862668
0.17707558841946094
0.18104179439032955
0.18711391919229822
0.1882834990179722
0.1893742055608499
0.1926485783154043
0.19319505848017404
0.1942868915860125
0.19460013159127576
0.19819112536145642
0.20264634555351285
0.21204242113067176
0.21353200166085376
0.21596355599348754
0.22468357353948443
0.25263743420923523
0.25731800729859267
0.2758735379437817
0.2836301736873722
0.2971941456853435
0.3197271492524885
0.3242725109999095
0.34908608303334104
0.3563965205556532
0.36504893243068187
0.3804540347121654
0.3813678391546767
0.38694531559917356
0.3953768821502251
0.396380828148101
0.40123942924004474
0.40577352337563766
0.40644507383347617
0.40846423278031585
0.4136867791218599
0.41579720618702465
0.41630312215632487
0.4186681980416917
0.4252732816099406
0.4357318950307775
0.438972464949848
0.45715391061805066
0.4617251872780096
0.46233025928858146
0.4647505460093872
0.470640135235446
0.4749838065329232
0.47672352830998355
0.4776812766368461
0.4823010047544804
0.48527115132893756
0.49026271129763693
0.4932452520468827
0.49702554209221855
0.5017827346777102
0.5089444394595961
0.5111596553808357
0.5294357495169864
0.5317681484690893
0.5376115406848753
0.5398650663541819
0.5458278953874931
0.5465512776526296
0.547457194832935
0.5569963690142359
0.5612848288155338
0.5670504743114846
0.5685186461809711
0.5706301998090966
0.5888364344876172
0.5898595353595267
0.5951699688090332
0.6005930783768195
0.6010618118217538
0.6252421431454137
0.6413278103706429
0.6439306320066179
0.6454742974700188
0.6611070057747248
0.6727757618952243
0.6742540748135781
0.6784005625736949
0.6793898599493796
0.6888231187116454
0.6917166457899686
0.6935149594128308
0.7018406105448469
0.7069820291561922
0.7070834383233852
0.7079938624162739
0.7135657047244862
0.7334158868098997
0.7461640818614484
0.7520119809898177
0.7529539547922695
0.7744052663024436
0.7770734411442061
0.7785697823736332
0.786619376024752
0.7906126241318597
0.7961371422060982
0.7978757374201978
0.797983906625895
0.8104504107210028
0.8118791462794617
0.8140830945888732
0.816512395134845
0.819056625585759
0.8200526843214293
0.8207197278666848
0.8229394507005074
0.8272819947742837
0.829181716903598
0.8435772397116619
0.8502769717478585
0.8554150106703221
0.86380037955036
0.8656482711938581
0.8666893997161
0.8759784333112636
0.8987322828631265
0.9167649957909033
0.9229689522459266
0.9238230382796753
0.9239447288838624
0.9368529242876654
0.9494253444625491
0.953443380919234
0.9698062315275804
0.9822952708463443
0.9851504881766002
0.9860609129302299
0.9919336010689168
0.9933736035784629
1.021587745883219
1.0225342272589943
1.0413939840842805
1.057416551890384
1.0656058651175035
1.0870030916944589
1.1134256810755974
1.1362200941621892
1.1394629178679214
1.1438032088157764
1.1509851950346568
1.1577570403151451
1.1614009911341028
1.1811756796256019
1.1832939939529723
1.184601038907244
1.1867283670597808
1.1938066916462877
1.196954866884072
1.2083261581844598
1.2115306714813843
1.2167926541339558
1.2212320998016009
1.228630425092616
1.2484186349826047
1.2494845525151645
1.2658248678998552
1.2764277064877945
1.286811952877678
1.2935680229730144
1.297155636393573
1.298102117108608
1.318487511086222
1.3265280909121746
1.3706679000899054
1.3870262431249283
1.3904741376302268
1.390906814453015
1.396549643442559
1.410201502548492
1.4126533383181203
1.4191570133799167
1.461023015451347
1.4882365921078495
1.502420283417102
1.5190242607864202
1.5296248462484379
1.5317702027120477
1.5382423287250224
1.5525026395304091
1.5682367563415673
1.5722345113612584
1.5771246621627648
1.5961985042735238
1.6006875273010643
1.6027923202299443
1.6293027973797864
1.6738324667196554
1.676221203730898
1.74291655169943
1.7581503860168315
1.7845166373388304
1.7924715831827414
1.7941617275999067
1.8241967187511812
1.8415037969486412
1.8579635491508566
1.8879805119910575
1.9107861926894776
1.9313473615437569
1.9752280149887032
2.0006387717705008
2.131099884667836
2.142187231225121
2.2671046711741845
2.2787508920710278
2.3106427886909664
2.40473199642673
2.53240775145144
2.766269640242617
