240
241
242
243
244
245
246
247
248
249
250
251
252
253
254
255
256
257
258
259
260
262
263
264
265
267
268
269
271
272
273
274
276
277
278
280
281
282
308
309
323
326
327
328
333
334
335
337
339
361
363
360
341
342
343
344
345
346
347
348
349
350
351
380
447
449
450
451
453
454
458
466
467
470
473
474
476
477
478
480
481
482
487
488
492
101
102
103
104
105
106
107
108
109
110
111
112
113
114
115
116
117
118
120
121
122
123
125
126
127
129
130
131
132
134
135
136
138
139
140
141
143
144
145
147
148
149
150
151
152
153
154
155
156
157
158
159
160
161
162
163
164
165
166
167
169
170
171
173
174
175
176
178
179
180
182
183
184
185
187
188
189
191
192
193
194
195
196
197
198
199
200
201
202
203
204
205
206
207
208
209
210
211
212
214
215
216
218
219
220
221
223
224
225
227
228
229
230
232
233
234
235
237
238
239
222
226
231
236
261
266
270
275
279
283
352
378
448
452
463
468
475
479
483
731
757
769
772
827
831
835
839
843
846
928
932
496
605
606
607
609
615
621
627
712
713
715
717
719
721
727
729
754
755
756
766
767
768
770
771
782
825
826
828
829
830
832
833
834
836
837
838
840
841
842
844
845
847
848
849
850
851
852
853
905
906
909
911
912
913
916
917
919
920
921
923
924
927
929
930
931
934
980
981
119
124
128
133
137
142
146
168
172
177
181
186
190
213
217
982